XS Dir: /cloud/Code/python/neutrons/z

============================================================================
TARGET
============================================================================
Height:            0.01              
Width:             0.01              
Depth:             0.001             


============================================================================
BEFORE IRRADIATION
============================================================================
26                54                3.6543938781457475e+20
26                56                5.531978599628979e+21
26                57                1.2551258329640098e+20
26                58                1.641570978663809e+19
6                 12                3.971799859668158e+20
6                 13                3.964322314677639e+18
24                50                7.544002131429989e+19
24                52                1.3989233762352232e+21
24                53                1.556299443827164e+20
24                54                3.802264507593622e+19
28                58                6.227161214697291e+20
28                60                2.3188127545183522e+20
28                61                9.914283421522502e+18
28                62                3.110286705416801e+19
28                64                7.672180453353445e+18

============================================================================
Neutron Flux
============================================================================
1000000.0          8.80163317128e+14 
2000000.0          2.41970724579e+15 
3000000.0          2.9141459032e+15  
4000000.0          2.15963866106e+15 
5000000.0          1.09551878112e+15 
6000000.0          3.98866357173e+14 
7000000.0          1.0690363017e+14  
8000000.0          2.14128361277e+13 
9000000.0          3.23670757495e+12 
10000000.0         371679878775.0    

============================================================================
REACTION RATES
============================================================================
26                54                -9.28657569161e+12       3.654393878145747e+27    STABLE          
26                56                -1.03636323754e+14       5.531978599628979e+28    STABLE          
26                57                1.01087691726e+14        1.2551258329640098e+27   STABLE          
26                58                2.13568094308e+12        1.6415709786638088e+26   STABLE          
6                 12                -6.31092296774e+12       3.9717998596681574e+27   STABLE          
6                 13                6.24556586414e+12        3.964322314677639e+25    STABLE          
24                50                -1.98944211159e+12       7.544002131429989e+26    STABLE          
24                52                -3.07276940856e+13       1.398923376235223e+28    STABLE          
24                53                2.71008954314e+13        1.5562994438271642e+27   STABLE          
24                54                2.5898536893e+12         3.802264507593622e+26    STABLE          
28                58                -1.33996359102e+13       6.227161214697291e+27    STABLE          
28                60                -4.86106992303e+12       2.3188127545183522e+27   STABLE          
28                61                4.65550901808e+12        9.914283421522501e+25    STABLE          
28                62                -509471030327.0          3.110286705416801e+26    STABLE          
28                64                -190592843508.0          7.6721804533534455e+25   STABLE          
26                55                9.28657567586e+12        0.0                      UNSTABLE        86594054.4           
25                53                15801.3720806            0.0                      UNSTABLE        116763120000000.0    
24                51                1.98944211159e+12        0.0                      UNSTABLE        2393366.4            
23                49                9.11742028719e-09        0.0                      UNSTABLE        28512000.0           
24                55                1.03694499309e+12        0.0                      UNSTABLE        209.82               
26                59                412951056337.0           0.0                      UNSTABLE        3844368.0            
6                 14                65357103590.9            0.0                      UNSTABLE        179878320000.0       
22                46                0.0399648801389          0.0                      STABLE          
22                48                0.824110739943           0.0                      STABLE          
22                49                0.0138267060805          0.0                      STABLE          
22                50                0.00246830631103         0.0                      STABLE          
28                59                1.33996318443e+13        0.0                      UNSTABLE        3187317600000.0      
27                57                4065800.30027            0.0                      UNSTABLE        23478336.0           
27                59                9.86247726261e-06        0.0                      STABLE          
28                63                715031980429.0           0.0                      UNSTABLE        3193629120.0         
26                60                9.80901875402e-06        0.0                      UNSTABLE        82680912000000.0     
28                65                190592798291.0           0.0                      UNSTABLE        9063.0               

============================================================================
AFTER IRRADIATION
============================================================================
26                54                3.66241747954e+20 
26                57                702122648166.0    
6                 12                3.97725249711e+20 
6                 13                3.42470542402e+18 
28                58                6.23873850012e+20 
28                60                1.69499846685     
28                64                7.68864767503e+18 
25                53                1365238547.77     
24                51                1.69755096128e+17 
23                49                0.000786918383711 
24                55                3.1388975466e+14  
6                 14                5.64685281082e+15 
22                46                3452.965644       
22                50                213.261665273     
28                59                1.15772817826e+18 
27                57                350837502223.0    
27                60                3.06969819448e-10 
26                60                0.847499220347    
28                65                2.48866529592e+15 
7                 14                1.12937065605e+16 
29                65                1.89558830683e+16 

============================================================================
AFTER COOLING
============================================================================
26                54                3.66241747954e+20 
26                57                893766607.464     
6                 12                3.97725249711e+20 
6                 13                3.42470542402e+18 
28                58                6.23873850012e+20 
28                60                1.10515049021e-13 
28                64                7.68864767503e+18 
25                53                1365238547.07     
24                51                1.65560109253e+17 
23                49                0.000785267238816 
24                55                3.45291467239e-110
6                 14                5.64685093078e+15 
22                46                3452.965644       
22                50                213.261665273     
28                59                1.15772815651e+18 
27                57                349943735615.0    
27                60                6.13755048485e-10 
26                60                0.847499219733    
28                65                3.35866840459e+12 
7                 14                1880038643.9      
29                65                2.48530662752e+15 

============================================================================
GAMMAS
============================================================================
0.0               5.76548815848e-28 
25309.0909091     14772.9895021     
51490.9090909     16977.1684515     
77672.7272727     17339.8269548     
95083.4170854     9012.58718973     
108108.542714     3484.66260205     
121133.668342     1442.66933389     
134158.79397      687.996030131     
147183.919598     408.718649205     
160209.045226     305.002179687     


